36,2
36,4
33,1
33,3
0,455
0,386
28,2
41,37
41,36
30,6
30,5
30,0
32,2
30,2
25,4
25,1
25,3
38,1
38,3
37,1
37,3
39,1
39,3
32,4
32,1
32,3
41,35
30,4
30,1
30,3
28,1
28,3
31,1
31,3
36,1
36,3
0,273
0,270
3,2
3,1
3,3
10,106
10,206
10,200
10,210
10,74
10,194
10,2
10,3
11,6
11,16
11,12
11,18
11,2
11,3
9,7
8,6
8,14
8,15
8,17
8,18
20,3
20,2
20,1
19,3
19,2
19,1
12,3
12,2
12,1
11,29
11,28
11,27
11,26
11,25
11,24
11,23
11,22
11,21
11,20
11,1
10,313
10,312
10,311
10,310
10,309
10,308
10,307
10,306
10,305
10,304
10,303
10,302
10,301
10,300
10,299
10,298
10,297
10,296
10,295
10,294
18,1
10,293
10,292
10,291
10,290
10,289
10,288
10,287
10,286
10,285
10,284
10,283
10,282
10,281
10,280
